{
 "cells": [
  {
   "cell_type": "code",
   "execution_count": 1,
   "metadata": {},
   "outputs": [
    {
     "name": "stdout",
     "output_type": "stream",
     "text": [
      "Device 0: NVIDIA H200\n",
      "  Allocated: 0.00 GB\n",
      "  Reserved: 0.00 GB\n",
      "  Total: 139.83 GB\n",
      "\n",
      "Device 1: NVIDIA H200\n",
      "  Allocated: 0.00 GB\n",
      "  Reserved: 0.00 GB\n",
      "  Total: 139.83 GB\n",
      "\n",
      "Device 2: NVIDIA H200\n",
      "  Allocated: 0.00 GB\n",
      "  Reserved: 0.00 GB\n",
      "  Total: 139.83 GB\n",
      "\n",
      "Device 3: NVIDIA H200\n",
      "  Allocated: 0.00 GB\n",
      "  Reserved: 0.00 GB\n",
      "  Total: 139.83 GB\n",
      "\n"
     ]
    }
   ],
   "source": [
    "import torch\n",
    "from dotenv import load_dotenv\n",
    "import wandb\n",
    "from helpers.memory import check_memory, profile_memory\n",
    "from helpers.moe_utils import check_cosine_similarity\n",
    "from helpers.dataset import load_shard_as_dataloader\n",
    "from dataclasses import  asdict\n",
    "import os\n",
    "import json\n",
    "from datetime import datetime\n",
    "from transformers import AutoTokenizer\n",
    "\n",
    "from config import ModelConf, TrainConf\n",
    "from moe import OlmoeModel\n",
    "from train import train\n",
    "\n",
    "\n",
    "check_memory()"
   ]
  },
  {
   "cell_type": "code",
   "execution_count": null,
   "metadata": {},
   "outputs": [
    {
     "ename": "TypeError",
     "evalue": "ModelConf.__init__() got an unexpected keyword argument 'main_device'",
     "output_type": "error",
     "traceback": [
      "\u001b[0;31m---------------------------------------------------------------------------\u001b[0m",
      "\u001b[0;31mTypeError\u001b[0m                                 Traceback (most recent call last)",
      "Cell \u001b[0;32mIn[2], line 1\u001b[0m\n\u001b[0;32m----> 1\u001b[0m model_conf \u001b[38;5;241m=\u001b[39m \u001b[43mModelConf\u001b[49m\u001b[43m(\u001b[49m\n\u001b[1;32m      2\u001b[0m \u001b[43m    \u001b[49m\u001b[43mD\u001b[49m\u001b[43m \u001b[49m\u001b[38;5;241;43m=\u001b[39;49m\u001b[43m \u001b[49m\u001b[38;5;241;43m768\u001b[39;49m\u001b[43m,\u001b[49m\n\u001b[1;32m      3\u001b[0m \u001b[43m    \u001b[49m\u001b[43mH\u001b[49m\u001b[43m \u001b[49m\u001b[38;5;241;43m=\u001b[39;49m\u001b[43m \u001b[49m\u001b[38;5;241;43m8\u001b[39;49m\u001b[43m,\u001b[49m\n\u001b[1;32m      4\u001b[0m \u001b[43m    \u001b[49m\u001b[43mI\u001b[49m\u001b[43m \u001b[49m\u001b[38;5;241;43m=\u001b[39;49m\u001b[43m \u001b[49m\u001b[38;5;241;43m512\u001b[39;49m\u001b[43m,\u001b[49m\n\u001b[1;32m      5\u001b[0m \u001b[43m    \u001b[49m\u001b[43mn_experts\u001b[49m\u001b[43m \u001b[49m\u001b[38;5;241;43m=\u001b[39;49m\u001b[43m \u001b[49m\u001b[38;5;241;43m30\u001b[39;49m\u001b[43m,\u001b[49m\n\u001b[1;32m      6\u001b[0m \u001b[43m    \u001b[49m\u001b[43mn_shared_experts\u001b[49m\u001b[43m \u001b[49m\u001b[38;5;241;43m=\u001b[39;49m\u001b[43m \u001b[49m\u001b[38;5;241;43m2\u001b[39;49m\u001b[43m,\u001b[49m\n\u001b[1;32m      7\u001b[0m \u001b[43m    \u001b[49m\u001b[43mtop_k\u001b[49m\u001b[43m \u001b[49m\u001b[38;5;241;43m=\u001b[39;49m\u001b[43m \u001b[49m\u001b[38;5;241;43m4\u001b[39;49m\u001b[43m,\u001b[49m\n\u001b[1;32m      8\u001b[0m \u001b[43m    \u001b[49m\u001b[43mnorm_topk_prob\u001b[49m\u001b[43m \u001b[49m\u001b[38;5;241;43m=\u001b[39;49m\u001b[43m \u001b[49m\u001b[38;5;28;43;01mFalse\u001b[39;49;00m\u001b[43m,\u001b[49m\n\u001b[1;32m      9\u001b[0m \u001b[43m    \u001b[49m\u001b[43mn_layers\u001b[49m\u001b[43m \u001b[49m\u001b[38;5;241;43m=\u001b[39;49m\u001b[43m \u001b[49m\u001b[38;5;241;43m10\u001b[39;49m\u001b[43m,\u001b[49m\n\u001b[1;32m     10\u001b[0m \u001b[43m    \u001b[49m\u001b[43mmax_position_embeddings\u001b[49m\u001b[43m \u001b[49m\u001b[38;5;241;43m=\u001b[39;49m\u001b[43m \u001b[49m\u001b[38;5;241;43m2048\u001b[39;49m\u001b[43m,\u001b[49m\n\u001b[1;32m     11\u001b[0m \u001b[43m    \u001b[49m\u001b[43mgate_orthogonal\u001b[49m\u001b[43m \u001b[49m\u001b[38;5;241;43m=\u001b[39;49m\u001b[43m \u001b[49m\u001b[38;5;28;43;01mFalse\u001b[39;49;00m\u001b[43m,\u001b[49m\n\u001b[1;32m     12\u001b[0m \u001b[43m    \u001b[49m\u001b[43mmain_device\u001b[49m\u001b[43m \u001b[49m\u001b[38;5;241;43m=\u001b[39;49m\u001b[43m \u001b[49m\u001b[38;5;124;43m'\u001b[39;49m\u001b[38;5;124;43mcuda:0\u001b[39;49m\u001b[38;5;124;43m'\u001b[39;49m\n\u001b[1;32m     13\u001b[0m \u001b[43m)\u001b[49m\n\u001b[1;32m     15\u001b[0m train_conf \u001b[38;5;241m=\u001b[39m TrainConf()\n\u001b[1;32m     16\u001b[0m seed \u001b[38;5;241m=\u001b[39m \u001b[38;5;241m1234\u001b[39m\n",
      "\u001b[0;31mTypeError\u001b[0m: ModelConf.__init__() got an unexpected keyword argument 'main_device'"
     ]
    }
   ],
   "source": [
    "model_conf = ModelConf(\n",
    "    D = 768,\n",
    "    H = 8,\n",
    "    I = 512,\n",
    "    n_experts = 30,\n",
    "    n_shared_experts = 2,\n",
    "    top_k = 4,\n",
    "    norm_topk_prob = False,\n",
    "    n_layers = 10,\n",
    "    max_position_embeddings = 2048,\n",
    "    gate_orthogonal = False,\n",
    "    main_device = 'cuda:0'\n",
    ")\n",
    "\n",
    "train_conf = TrainConf()\n",
    "seed = 1234"
   ]
  },
  {
   "cell_type": "code",
   "execution_count": 1,
   "metadata": {},
   "outputs": [
    {
     "ename": "NameError",
     "evalue": "name 'torch' is not defined",
     "output_type": "error",
     "traceback": [
      "\u001b[0;31m---------------------------------------------------------------------------\u001b[0m",
      "\u001b[0;31mNameError\u001b[0m                                 Traceback (most recent call last)",
      "Cell \u001b[0;32mIn[1], line 8\u001b[0m\n\u001b[1;32m      1\u001b[0m \u001b[38;5;124;03m\"\"\" \u001b[39;00m\n\u001b[1;32m      2\u001b[0m \u001b[38;5;124;03mLet's load the model\u001b[39;00m\n\u001b[1;32m      3\u001b[0m \u001b[38;5;124;03m- Set the default_device to specify where all the non-expert layers live (the experts are moved on model init)\u001b[39;00m\n\u001b[1;32m      4\u001b[0m \u001b[38;5;124;03m- Set the default_dtype to specify the model dtype, all params will be in this dtype except for this explicitly specified differently in class definition\u001b[39;00m\n\u001b[1;32m      5\u001b[0m \u001b[38;5;124;03m  - In the default OlMoE, RMSNorm is required to be f32 whereas all other params are bf16. \u001b[39;00m\n\u001b[1;32m      6\u001b[0m \u001b[38;5;124;03m\"\"\"\u001b[39;00m\n\u001b[1;32m      7\u001b[0m \u001b[38;5;66;03m# torch.set_default_device(conf.main_device) # This is buggy, don't use\u001b[39;00m\n\u001b[0;32m----> 8\u001b[0m \u001b[43mtorch\u001b[49m\u001b[38;5;241m.\u001b[39mset_default_dtype(torch\u001b[38;5;241m.\u001b[39mbfloat16)\n\u001b[1;32m      9\u001b[0m torch\u001b[38;5;241m.\u001b[39mset_float32_matmul_precision(\u001b[38;5;124m'\u001b[39m\u001b[38;5;124mmedium\u001b[39m\u001b[38;5;124m'\u001b[39m) \u001b[38;5;66;03m# See https://pytorch.org/docs/stable/generated/torch.set_float32_matmul_precision.html \u001b[39;00m\n\u001b[1;32m     10\u001b[0m torch\u001b[38;5;241m.\u001b[39mmanual_seed(seed)\n",
      "\u001b[0;31mNameError\u001b[0m: name 'torch' is not defined"
     ]
    }
   ],
   "source": [
    "\"\"\" \n",
    "Let's load the model\n",
    "- Set the default_device to specify where all the non-expert layers live (the experts are moved on model init)\n",
    "- Set the default_dtype to specify the model dtype, all params will be in this dtype except for this explicitly specified differently in class definition\n",
    "  - In the default OlMoE, RMSNorm is required to be f32 whereas all other params are bf16. \n",
    "\"\"\"\n",
    "# torch.set_default_device(conf.main_device) # This is buggy, don't use\n",
    "torch.set_default_dtype(torch.bfloat16)\n",
    "torch.set_float32_matmul_precision('medium') # See https://pytorch.org/docs/stable/generated/torch.set_float32_matmul_precision.html \n",
    "torch.manual_seed(seed)\n",
    "\n",
    "model = OlmoeModel(\n",
    "    model_conf,\n",
    "    primary_device = model_conf.main_device, # Where to store dense layers and shared experts\n",
    "    expert_device_map = ['cuda:0'] * model_conf.n_experts #=, here let's test them with all of them on cuda:0\n",
    ")\n",
    "model = torch.compile(model)\n",
    "tokenizer = AutoTokenizer.from_pretrained('allenai/OLMoE-1B-7B-0924', add_eos_token = False, add_bos_token = False)\n",
    "print(f\"Total parameters: {sum(p.numel() for p in model.parameters()):,}\")\n",
    "check_memory()"
   ]
  },
  {
   "cell_type": "code",
   "execution_count": null,
   "metadata": {},
   "outputs": [
    {
     "name": "stderr",
     "output_type": "stream",
     "text": [
      "\u001b[34m\u001b[1mwandb\u001b[0m: \u001b[33mWARNING\u001b[0m Fatal error while uploading data. Some run data will not be synced, but it will still be written to disk. Use `wandb sync` at the end of the run to try uploading.\n"
     ]
    }
   ],
   "source": [
    "\"\"\"\n",
    "Setup a Wandb run for logging. Choose a run name and notes for the run!\n",
    "\"\"\"\n",
    "RUN_NAME = 'test-01 -single-gpu -experts-32 -topk-4 -forward-slow'\n",
    "RUN_NOTES = 'Baseline test with routing orthogonal initialization and no gate update'\n",
    "\n",
    "load_dotenv('./../../secrets.env')\n",
    "wandb.login(key = os.getenv('WANDB_API_KEY'))\n",
    "run = wandb.init(\n",
    "    project = 'interpretable-moes', \n",
    "    name = RUN_NAME,\n",
    "    notes = RUN_NOTES,\n",
    "    config = {**asdict(model_conf), **asdict(train_conf)}\n",
    ")\n",
    "\n",
    "# (Optional) Also log various info as a wandb media object.\n",
    "additional_log_notes = {\n",
    "    'run_name': RUN_NAME,\n",
    "    'notes': RUN_NOTES,\n",
    "    'created_at': datetime.now().strftime('%Y-%m-%d %H:%M:%S'),\n",
    "    'total_model_params': sum(p.numel() for p in model.parameters()),\n",
    "    'available_cuda_gpus': [torch.cuda.get_device_properties(i).name for i in range(torch.cuda.device_count())],\n",
    "    'model_conf': asdict(model_conf),\n",
    "    'train_conf': asdict(train_conf)\n",
    "}\n",
    "\n",
    "wandb.log({'conf': wandb.Html(f\"<pre style='font-size:12px;'>{json.dumps(additional_log_notes, indent = 2)}</pre>\")})"
   ]
  },
  {
   "cell_type": "code",
   "execution_count": 5,
   "metadata": {},
   "outputs": [],
   "source": [
    "\n",
    "\n",
    "val_dl = load_shard_as_dataloader(\n",
    "    './../../data/val_shard.json',\n",
    "    tokenizer,\n",
    "    batch_size = 32,\n",
    "    seq_len = 2048,\n",
    "    eos_seperator_id = tokenizer.eos_token_id\n",
    ")"
   ]
  },
  {
   "cell_type": "code",
   "execution_count": null,
   "metadata": {},
   "outputs": [],
   "source": [
    "train(model, tokenizer, train_conf, model_conf, val_dl, seed)\n",
    "wandb.finish()"
   ]
  },
  {
   "cell_type": "code",
   "execution_count": 7,
   "metadata": {},
   "outputs": [
    {
     "name": "stdout",
     "output_type": "stream",
     "text": [
      "tensor([[ 1.0040e+00, -1.9381e-02,  7.0575e-02, -1.0232e-02, -1.3055e-02,\n",
      "          1.3327e-02, -7.4502e-04,  6.5123e-02,  4.5616e-02,  6.4997e-02,\n",
      "          1.3804e-02, -1.4292e-02,  2.1619e-02,  9.0053e-02,  9.5576e-02,\n",
      "          7.1145e-02,  4.4628e-02,  1.5899e-02, -2.4944e-03,  8.0756e-03,\n",
      "          8.8617e-02, -1.3800e-02,  5.9052e-02,  2.0120e-02,  5.0409e-02,\n",
      "          1.4031e-02, -1.1387e-02,  6.8987e-03,  3.9767e-02, -4.6113e-02],\n",
      "        [-1.9381e-02,  1.0006e+00,  3.7543e-02,  5.6117e-02, -1.7157e-02,\n",
      "         -1.8685e-02, -8.1010e-02, -1.1259e-02,  3.0969e-02,  2.0211e-02,\n",
      "          6.0370e-04, -4.9318e-03,  2.6778e-02,  4.9485e-03,  2.7560e-02,\n",
      "          8.0993e-02,  2.9810e-02,  4.5340e-02,  7.5180e-02,  3.9464e-02,\n",
      "         -8.2291e-03,  2.4975e-02,  2.4285e-02, -2.2968e-02,  3.6457e-02,\n",
      "          1.6802e-03, -2.2392e-02,  2.6965e-02,  7.1705e-03, -2.3014e-02],\n",
      "        [ 7.0575e-02,  3.7543e-02,  9.9427e-01,  3.3195e-02,  5.8373e-02,\n",
      "          6.6809e-02,  1.3236e-03, -2.4315e-02,  4.9237e-02,  3.0766e-02,\n",
      "         -2.7430e-03,  5.8580e-02,  4.6478e-02, -6.6387e-03,  5.1988e-02,\n",
      "          6.0605e-02,  6.8305e-02,  3.5441e-02,  3.2471e-02,  3.8574e-02,\n",
      "          3.6382e-02,  1.1198e-02,  5.0369e-03, -1.1637e-02,  1.9303e-02,\n",
      "          2.7373e-02,  3.3065e-02,  1.5558e-02,  7.0018e-02, -4.9914e-02],\n",
      "        [-1.0232e-02,  5.6117e-02,  3.3195e-02,  9.9890e-01, -6.6533e-02,\n",
      "          5.7434e-02,  4.5583e-02,  3.0904e-04,  1.2932e-02, -1.3898e-02,\n",
      "         -1.5542e-02,  4.0821e-03, -2.0770e-02,  1.1507e-01, -2.8441e-02,\n",
      "         -5.4611e-03,  7.5071e-02,  4.5642e-02,  7.5532e-02,  2.9071e-02,\n",
      "          1.8399e-03, -1.5872e-02,  5.0434e-02,  2.6098e-02,  3.3202e-02,\n",
      "          3.8337e-03, -1.4269e-02, -1.6308e-02,  3.0684e-02,  2.3218e-02],\n",
      "        [-1.3055e-02, -1.7157e-02,  5.8373e-02, -6.6533e-02,  1.0037e+00,\n",
      "         -5.3013e-02, -2.3527e-02,  4.2345e-02,  8.8670e-02,  1.1141e-01,\n",
      "          9.1266e-02,  9.1276e-05,  4.6781e-02,  1.3504e-02,  4.7509e-02,\n",
      "          1.1979e-01,  8.1097e-02, -6.5202e-02, -1.8150e-02, -9.8230e-03,\n",
      "          1.0369e-01,  9.5751e-02,  1.0558e-01,  2.7739e-02, -4.6454e-02,\n",
      "          1.0061e-02,  8.0406e-02,  3.2671e-03,  1.1067e-01, -1.2824e-01],\n",
      "        [ 1.3327e-02, -1.8685e-02,  6.6809e-02,  5.7434e-02, -5.3013e-02,\n",
      "          9.9916e-01,  7.7268e-02,  6.2263e-03,  3.3111e-02, -2.8811e-02,\n",
      "          3.6836e-02,  2.8617e-03, -3.2353e-02, -5.0657e-03,  5.3569e-03,\n",
      "          5.8149e-03, -1.1192e-02,  4.8186e-02,  2.7416e-02,  4.0530e-02,\n",
      "         -1.6813e-02, -4.5382e-03, -3.7698e-02,  2.7021e-03,  3.7667e-02,\n",
      "         -1.7460e-02, -3.3008e-02, -6.2683e-02, -1.7758e-02,  5.0910e-02],\n",
      "        [-7.4502e-04, -8.1010e-02,  1.3236e-03,  4.5583e-02, -2.3527e-02,\n",
      "          7.7268e-02,  1.0012e+00,  2.1338e-02, -1.3805e-02, -5.5414e-02,\n",
      "          1.4712e-02, -2.7447e-02, -2.9134e-02,  1.6472e-02, -8.3735e-03,\n",
      "         -1.5049e-02,  3.7769e-02,  3.2775e-02,  7.5473e-03, -1.8214e-02,\n",
      "         -7.7328e-02, -4.5518e-02, -1.0253e-02, -2.2738e-02, -2.4907e-02,\n",
      "         -2.2549e-02, -6.8049e-02, -2.9081e-02, -3.2383e-02,  1.0510e-02],\n",
      "        [ 6.5123e-02, -1.1259e-02, -2.4315e-02,  3.0904e-04,  4.2345e-02,\n",
      "          6.2263e-03,  2.1338e-02,  1.0026e+00,  6.0227e-02,  1.2459e-01,\n",
      "          3.1653e-02,  3.1957e-02,  6.6391e-02,  4.8528e-02,  1.1853e-01,\n",
      "          5.5828e-02,  1.1131e-01,  6.6847e-02, -1.9238e-05,  2.8382e-02,\n",
      "          1.1420e-01,  1.3414e-01,  6.8666e-02,  5.6419e-02,  3.7985e-02,\n",
      "          1.1131e-02,  1.2698e-01,  9.0839e-02,  1.0179e-01, -8.4115e-02],\n",
      "        [ 4.5616e-02,  3.0969e-02,  4.9237e-02,  1.2932e-02,  8.8670e-02,\n",
      "          3.3111e-02, -1.3805e-02,  6.0227e-02,  1.0051e+00,  2.3511e-02,\n",
      "         -3.1279e-02,  8.7880e-03,  7.5692e-02,  4.5042e-02,  5.5202e-02,\n",
      "          7.6482e-02,  4.9691e-03,  1.3010e-02,  9.3903e-02, -6.3860e-02,\n",
      "          5.1690e-02,  5.1187e-02,  1.1035e-01, -6.5314e-03,  3.4113e-02,\n",
      "          7.8233e-02,  5.0309e-02,  8.7763e-02,  3.1411e-02, -4.3436e-02],\n",
      "        [ 6.4997e-02,  2.0211e-02,  3.0766e-02, -1.3898e-02,  1.1141e-01,\n",
      "         -2.8811e-02, -5.5414e-02,  1.2459e-01,  2.3511e-02,  9.9340e-01,\n",
      "          7.2208e-02,  7.5818e-02,  6.5674e-02,  5.5663e-03,  9.0856e-02,\n",
      "          6.0117e-02,  4.2036e-02,  5.2201e-02, -2.0624e-02, -8.5199e-03,\n",
      "          1.0945e-01,  8.3757e-02,  3.0831e-02,  9.6262e-02, -1.0124e-02,\n",
      "          9.3094e-02,  8.2247e-02,  1.0016e-01,  1.2680e-01, -8.9020e-02],\n",
      "        [ 1.3804e-02,  6.0370e-04, -2.7430e-03, -1.5542e-02,  9.1266e-02,\n",
      "          3.6836e-02,  1.4712e-02,  3.1653e-02, -3.1279e-02,  7.2208e-02,\n",
      "          9.9279e-01,  2.5362e-02,  2.5968e-02,  5.3234e-02,  1.0439e-01,\n",
      "          5.7990e-02,  4.8751e-02, -5.1452e-02,  3.6949e-02,  3.7422e-02,\n",
      "          3.8722e-03,  2.4703e-02,  7.1175e-02,  1.9526e-03, -7.6211e-03,\n",
      "          4.7156e-02,  3.5304e-02,  3.4811e-02,  6.2400e-03, -8.4648e-02],\n",
      "        [-1.4292e-02, -4.9318e-03,  5.8580e-02,  4.0821e-03,  9.1276e-05,\n",
      "          2.8617e-03, -2.7447e-02,  3.1957e-02,  8.7880e-03,  7.5818e-02,\n",
      "          2.5362e-02,  1.0058e+00,  3.6559e-02,  1.0988e-02,  3.3886e-02,\n",
      "          1.4287e-02,  5.2634e-02,  4.3851e-02,  1.2077e-02,  4.0548e-02,\n",
      "          1.1398e-01,  2.7797e-02,  1.7169e-02,  9.0929e-02,  8.8831e-04,\n",
      "          1.1205e-01,  6.2554e-02,  2.3275e-02,  2.6501e-02, -5.9643e-02],\n",
      "        [ 2.1619e-02,  2.6778e-02,  4.6478e-02, -2.0770e-02,  4.6781e-02,\n",
      "         -3.2353e-02, -2.9134e-02,  6.6391e-02,  7.5692e-02,  6.5674e-02,\n",
      "          2.5968e-02,  3.6559e-02,  1.0060e+00,  3.2517e-03,  9.5401e-02,\n",
      "          1.5783e-01,  9.9179e-02,  9.9856e-03,  5.3644e-02,  3.5234e-02,\n",
      "          1.3063e-01,  1.3032e-01,  8.5821e-02,  4.6652e-02, -7.7297e-03,\n",
      "          6.9097e-02,  7.4616e-02,  8.1951e-02,  1.4345e-01, -9.7866e-02],\n",
      "        [ 9.0053e-02,  4.9485e-03, -6.6387e-03,  1.1507e-01,  1.3504e-02,\n",
      "         -5.0657e-03,  1.6472e-02,  4.8528e-02,  4.5042e-02,  5.5663e-03,\n",
      "          5.3234e-02,  1.0988e-02,  3.2517e-03,  9.9588e-01,  7.6896e-02,\n",
      "          1.0292e-01,  3.2147e-02,  5.9849e-02,  6.8041e-02,  4.4431e-02,\n",
      "          7.5491e-02,  1.0490e-01,  9.4365e-02,  8.4236e-02,  2.6466e-02,\n",
      "         -3.7953e-02,  2.5376e-02,  7.9238e-02,  1.4282e-02, -6.5317e-02],\n",
      "        [ 9.5576e-02,  2.7560e-02,  5.1988e-02, -2.8441e-02,  4.7509e-02,\n",
      "          5.3569e-03, -8.3735e-03,  1.1853e-01,  5.5202e-02,  9.0856e-02,\n",
      "          1.0439e-01,  3.3886e-02,  9.5401e-02,  7.6896e-02,  1.0011e+00,\n",
      "          1.2749e-01,  7.5163e-02,  1.4213e-02,  4.8967e-02, -4.2320e-02,\n",
      "          1.3202e-01,  8.8252e-02,  6.4107e-02,  1.2903e-01, -2.6998e-02,\n",
      "          6.0031e-02,  7.6428e-02,  8.1897e-02,  1.4409e-01, -1.0918e-01],\n",
      "        [ 7.1145e-02,  8.0993e-02,  6.0605e-02, -5.4611e-03,  1.1979e-01,\n",
      "          5.8149e-03, -1.5049e-02,  5.5828e-02,  7.6482e-02,  6.0117e-02,\n",
      "          5.7990e-02,  1.4287e-02,  1.5783e-01,  1.0292e-01,  1.2749e-01,\n",
      "          9.9953e-01,  5.1121e-02,  2.5191e-02,  2.4736e-02,  5.9373e-02,\n",
      "          1.2555e-01,  1.2193e-01,  8.7049e-02,  8.3895e-02, -1.2651e-02,\n",
      "          9.4415e-02,  1.2846e-01,  9.0630e-02,  1.2220e-01, -9.0424e-02],\n",
      "        [ 4.4628e-02,  2.9810e-02,  6.8305e-02,  7.5071e-02,  8.1097e-02,\n",
      "         -1.1192e-02,  3.7769e-02,  1.1131e-01,  4.9691e-03,  4.2036e-02,\n",
      "          4.8751e-02,  5.2634e-02,  9.9179e-02,  3.2147e-02,  7.5163e-02,\n",
      "          5.1121e-02,  9.9526e-01,  1.1927e-02,  8.7068e-02,  2.3800e-03,\n",
      "          1.0831e-01,  5.0971e-02,  7.2244e-02,  3.9492e-02,  2.6841e-02,\n",
      "          5.9346e-02,  1.2777e-01,  4.2263e-02,  7.8258e-02, -2.4218e-02],\n",
      "        [ 1.5899e-02,  4.5340e-02,  3.5441e-02,  4.5642e-02, -6.5202e-02,\n",
      "          4.8186e-02,  3.2775e-02,  6.6847e-02,  1.3010e-02,  5.2201e-02,\n",
      "         -5.1452e-02,  4.3851e-02,  9.9856e-03,  5.9849e-02,  1.4213e-02,\n",
      "          2.5191e-02,  1.1927e-02,  1.0052e+00,  6.7983e-02,  2.0625e-02,\n",
      "          7.6365e-02,  6.2475e-03,  3.6938e-02,  8.8805e-02, -6.8432e-02,\n",
      "          8.5717e-02,  1.4158e-02, -1.5322e-02, -1.6736e-02, -3.2749e-02],\n",
      "        [-2.4944e-03,  7.5180e-02,  3.2471e-02,  7.5532e-02, -1.8150e-02,\n",
      "          2.7416e-02,  7.5473e-03, -1.9238e-05,  9.3903e-02, -2.0624e-02,\n",
      "          3.6949e-02,  1.2077e-02,  5.3644e-02,  6.8041e-02,  4.8967e-02,\n",
      "          2.4736e-02,  8.7068e-02,  6.7983e-02,  1.0046e+00,  1.9123e-02,\n",
      "          1.0938e-02, -3.0605e-02,  1.4681e-03,  6.0704e-02, -1.0634e-02,\n",
      "          4.7596e-02,  6.2652e-02,  1.5744e-02,  4.8264e-02,  9.4400e-02],\n",
      "        [ 8.0756e-03,  3.9464e-02,  3.8574e-02,  2.9071e-02, -9.8230e-03,\n",
      "          4.0530e-02, -1.8214e-02,  2.8382e-02, -6.3860e-02, -8.5199e-03,\n",
      "          3.7422e-02,  4.0548e-02,  3.5234e-02,  4.4431e-02, -4.2320e-02,\n",
      "          5.9373e-02,  2.3800e-03,  2.0625e-02,  1.9123e-02,  1.0072e+00,\n",
      "          2.7604e-02,  9.4981e-03,  1.8155e-02,  1.6786e-02,  2.1496e-03,\n",
      "         -2.5669e-02,  4.5394e-02, -1.2525e-02,  3.9764e-02, -5.1837e-02],\n",
      "        [ 8.8617e-02, -8.2291e-03,  3.6382e-02,  1.8399e-03,  1.0369e-01,\n",
      "         -1.6813e-02, -7.7328e-02,  1.1420e-01,  5.1690e-02,  1.0945e-01,\n",
      "          3.8722e-03,  1.1398e-01,  1.3063e-01,  7.5491e-02,  1.3202e-01,\n",
      "          1.2555e-01,  1.0831e-01,  7.6365e-02,  1.0938e-02,  2.7604e-02,\n",
      "          1.0058e+00,  9.3208e-02,  4.7783e-02,  1.2234e-01, -3.4017e-02,\n",
      "          7.1687e-02,  7.3019e-02,  4.8308e-02,  1.2821e-01, -1.5410e-01],\n",
      "        [-1.3800e-02,  2.4975e-02,  1.1198e-02, -1.5872e-02,  9.5751e-02,\n",
      "         -4.5382e-03, -4.5518e-02,  1.3414e-01,  5.1187e-02,  8.3757e-02,\n",
      "          2.4703e-02,  2.7797e-02,  1.3032e-01,  1.0490e-01,  8.8252e-02,\n",
      "          1.2193e-01,  5.0971e-02,  6.2475e-03, -3.0605e-02,  9.4981e-03,\n",
      "          9.3208e-02,  9.9992e-01,  7.3905e-02,  7.2925e-02,  4.0553e-03,\n",
      "          5.5757e-02,  3.7484e-03,  8.0354e-02,  7.6212e-02, -1.1759e-01],\n",
      "        [ 5.9052e-02,  2.4285e-02,  5.0369e-03,  5.0434e-02,  1.0558e-01,\n",
      "         -3.7698e-02, -1.0253e-02,  6.8666e-02,  1.1035e-01,  3.0831e-02,\n",
      "          7.1175e-02,  1.7169e-02,  8.5821e-02,  9.4365e-02,  6.4107e-02,\n",
      "          8.7049e-02,  7.2244e-02,  3.6938e-02,  1.4681e-03,  1.8155e-02,\n",
      "          4.7783e-02,  7.3905e-02,  1.0006e+00,  8.6214e-02, -3.3222e-03,\n",
      "          5.9980e-02,  1.2653e-01,  1.8471e-01,  7.5609e-02, -9.4334e-02],\n",
      "        [ 2.0120e-02, -2.2968e-02, -1.1637e-02,  2.6098e-02,  2.7739e-02,\n",
      "          2.7021e-03, -2.2738e-02,  5.6419e-02, -6.5314e-03,  9.6262e-02,\n",
      "          1.9526e-03,  9.0929e-02,  4.6652e-02,  8.4236e-02,  1.2903e-01,\n",
      "          8.3895e-02,  3.9492e-02,  8.8805e-02,  6.0704e-02,  1.6786e-02,\n",
      "          1.2234e-01,  7.2925e-02,  8.6214e-02,  1.0067e+00,  1.4142e-04,\n",
      "          4.9606e-02, -8.9589e-04,  7.8046e-02,  5.9465e-02, -8.9371e-02],\n",
      "        [ 5.0409e-02,  3.6457e-02,  1.9303e-02,  3.3202e-02, -4.6454e-02,\n",
      "          3.7667e-02, -2.4907e-02,  3.7985e-02,  3.4113e-02, -1.0124e-02,\n",
      "         -7.6211e-03,  8.8831e-04, -7.7297e-03,  2.6466e-02, -2.6998e-02,\n",
      "         -1.2651e-02,  2.6841e-02, -6.8432e-02, -1.0634e-02,  2.1496e-03,\n",
      "         -3.4017e-02,  4.0553e-03, -3.3222e-03,  1.4142e-04,  1.0009e+00,\n",
      "         -1.6614e-02,  2.5483e-02, -5.9119e-02, -4.5669e-02,  3.6287e-02],\n",
      "        [ 1.4031e-02,  1.6802e-03,  2.7373e-02,  3.8337e-03,  1.0061e-02,\n",
      "         -1.7460e-02, -2.2549e-02,  1.1131e-02,  7.8233e-02,  9.3094e-02,\n",
      "          4.7156e-02,  1.1205e-01,  6.9097e-02, -3.7953e-02,  6.0031e-02,\n",
      "          9.4415e-02,  5.9346e-02,  8.5717e-02,  4.7596e-02, -2.5669e-02,\n",
      "          7.1687e-02,  5.5757e-02,  5.9980e-02,  4.9606e-02, -1.6614e-02,\n",
      "          9.9299e-01,  9.2190e-02,  4.1037e-02,  6.9952e-02, -6.1364e-02],\n",
      "        [-1.1387e-02, -2.2392e-02,  3.3065e-02, -1.4269e-02,  8.0406e-02,\n",
      "         -3.3008e-02, -6.8049e-02,  1.2698e-01,  5.0309e-02,  8.2247e-02,\n",
      "          3.5304e-02,  6.2554e-02,  7.4616e-02,  2.5376e-02,  7.6428e-02,\n",
      "          1.2846e-01,  1.2777e-01,  1.4158e-02,  6.2652e-02,  4.5394e-02,\n",
      "          7.3019e-02,  3.7484e-03,  1.2653e-01, -8.9589e-04,  2.5483e-02,\n",
      "          9.2190e-02,  9.9603e-01,  5.4513e-02,  8.0698e-02, -9.1269e-02],\n",
      "        [ 6.8987e-03,  2.6965e-02,  1.5558e-02, -1.6308e-02,  3.2671e-03,\n",
      "         -6.2683e-02, -2.9081e-02,  9.0839e-02,  8.7763e-02,  1.0016e-01,\n",
      "          3.4811e-02,  2.3275e-02,  8.1951e-02,  7.9238e-02,  8.1897e-02,\n",
      "          9.0630e-02,  4.2263e-02, -1.5322e-02,  1.5744e-02, -1.2525e-02,\n",
      "          4.8308e-02,  8.0354e-02,  1.8471e-01,  7.8046e-02, -5.9119e-02,\n",
      "          4.1037e-02,  5.4513e-02,  1.0032e+00,  7.9128e-02, -7.1476e-02],\n",
      "        [ 3.9767e-02,  7.1705e-03,  7.0018e-02,  3.0684e-02,  1.1067e-01,\n",
      "         -1.7758e-02, -3.2383e-02,  1.0179e-01,  3.1411e-02,  1.2680e-01,\n",
      "          6.2400e-03,  2.6501e-02,  1.4345e-01,  1.4282e-02,  1.4409e-01,\n",
      "          1.2220e-01,  7.8258e-02, -1.6736e-02,  4.8264e-02,  3.9764e-02,\n",
      "          1.2821e-01,  7.6212e-02,  7.5609e-02,  5.9465e-02, -4.5669e-02,\n",
      "          6.9952e-02,  8.0698e-02,  7.9128e-02,  1.0071e+00, -1.0812e-01],\n",
      "        [-4.6113e-02, -2.3014e-02, -4.9914e-02,  2.3218e-02, -1.2824e-01,\n",
      "          5.0910e-02,  1.0510e-02, -8.4115e-02, -4.3436e-02, -8.9020e-02,\n",
      "         -8.4648e-02, -5.9643e-02, -9.7866e-02, -6.5317e-02, -1.0918e-01,\n",
      "         -9.0424e-02, -2.4218e-02, -3.2749e-02,  9.4400e-02, -5.1837e-02,\n",
      "         -1.5410e-01, -1.1759e-01, -9.4334e-02, -8.9371e-02,  3.6287e-02,\n",
      "         -6.1364e-02, -9.1269e-02, -7.1476e-02, -1.0812e-01,  1.0022e+00]],\n",
      "       device='cuda:0', dtype=torch.float32, grad_fn=<MmBackward0>)\n",
      "tensor([[ 9.9784e-01,  1.7162e-01,  5.4870e-02,  4.8808e-03,  1.5208e-02,\n",
      "         -1.4868e-02,  4.9589e-02,  3.0222e-02,  8.7721e-02, -3.2576e-02,\n",
      "          2.4919e-02,  1.0771e-02, -6.8392e-02, -2.8199e-02, -4.9772e-03,\n",
      "         -4.6053e-02,  2.2541e-02,  3.6169e-02,  9.3107e-02,  1.6332e-01,\n",
      "          5.9252e-02, -6.3381e-03,  2.4282e-02,  3.7766e-02, -3.6359e-02,\n",
      "         -2.8977e-02, -3.3199e-02,  2.2575e-03, -4.3400e-02,  7.3610e-02],\n",
      "        [ 1.7162e-01,  1.0041e+00,  9.7843e-02,  3.3937e-02, -1.4776e-02,\n",
      "         -5.8483e-02,  7.5639e-02,  1.1972e-02,  1.2854e-01, -1.5632e-02,\n",
      "          4.0835e-02, -1.5984e-02, -3.4152e-02, -9.8727e-02,  2.0063e-03,\n",
      "         -1.1506e-02,  6.6391e-03,  1.5820e-02,  3.6838e-02,  1.1267e-01,\n",
      "         -1.2375e-02,  2.0933e-02,  2.1673e-02,  6.9980e-02,  6.1523e-02,\n",
      "         -3.9566e-03,  6.4362e-03,  1.8479e-02,  3.3837e-02, -4.2298e-02],\n",
      "        [ 5.4870e-02,  9.7843e-02,  1.0067e+00,  2.5120e-02, -1.9935e-02,\n",
      "          3.7458e-02,  6.3983e-02,  4.6500e-02,  1.2221e-01,  7.8768e-02,\n",
      "          3.8615e-02,  9.0705e-02,  1.6227e-02, -1.2885e-01,  1.8199e-02,\n",
      "          1.5221e-02, -2.8472e-04, -4.6612e-02,  3.8152e-02,  1.0724e-01,\n",
      "          2.6913e-02,  2.0516e-02,  5.8992e-02,  1.5781e-02,  1.3613e-01,\n",
      "         -5.5154e-02, -2.6438e-02,  1.4605e-02, -2.9070e-02,  5.3977e-02],\n",
      "        [ 4.8808e-03,  3.3937e-02,  2.5120e-02,  9.9504e-01,  2.5343e-02,\n",
      "         -7.6970e-03,  1.2984e-02,  1.0720e-01, -2.1094e-02, -4.5312e-02,\n",
      "         -4.6040e-02, -1.5308e-02,  4.3343e-02, -1.2266e-02,  3.6260e-03,\n",
      "         -1.8622e-02, -6.3271e-02, -3.3849e-03, -2.7010e-02,  1.7237e-02,\n",
      "         -8.2809e-02,  7.4653e-02,  1.6246e-03,  4.2549e-03, -1.0772e-02,\n",
      "         -1.1120e-02,  3.1340e-02,  8.9409e-03, -6.3674e-02,  1.3390e-03],\n",
      "        [ 1.5208e-02, -1.4776e-02, -1.9935e-02,  2.5343e-02,  9.9416e-01,\n",
      "          1.0890e-01,  2.0052e-03,  5.2000e-02,  6.7972e-02,  4.3639e-02,\n",
      "          5.5157e-02,  6.9296e-02,  5.8898e-02,  3.9324e-02, -2.0207e-02,\n",
      "          3.1122e-02, -2.5091e-02, -7.6815e-02,  5.5484e-02,  1.2540e-02,\n",
      "          9.1762e-02,  1.1484e-02,  3.8071e-02,  4.1115e-02,  4.8171e-02,\n",
      "          6.0895e-02, -7.1991e-02,  7.9836e-03, -4.3045e-03,  3.0086e-02],\n",
      "        [-1.4868e-02, -5.8483e-02,  3.7458e-02, -7.6970e-03,  1.0890e-01,\n",
      "          9.9774e-01, -2.1202e-02,  5.7689e-02,  6.4767e-02,  6.3138e-02,\n",
      "         -5.0378e-02,  3.1008e-02,  2.9745e-02,  1.7577e-02, -2.2325e-02,\n",
      "          1.0500e-01, -3.3684e-03, -4.1099e-02, -1.6791e-02,  1.8761e-02,\n",
      "          3.6824e-02,  9.5236e-03,  3.6813e-03,  1.8953e-02,  1.1441e-01,\n",
      "          2.8342e-02, -6.1598e-02, -2.0543e-02, -2.3061e-02,  2.5720e-02],\n",
      "        [ 4.9589e-02,  7.5639e-02,  6.3983e-02,  1.2984e-02,  2.0052e-03,\n",
      "         -2.1202e-02,  9.9319e-01, -2.2293e-02,  7.2100e-02,  2.8538e-02,\n",
      "          1.9007e-02,  1.2140e-02,  3.0470e-02, -5.7705e-02, -1.1611e-02,\n",
      "         -1.7056e-02,  3.7829e-02, -1.9228e-02,  6.7390e-02,  8.8132e-03,\n",
      "          2.7590e-02,  7.0999e-02,  2.9659e-02,  7.3334e-02,  4.4177e-02,\n",
      "         -1.1187e-02, -4.2522e-02, -1.5303e-02,  2.3708e-02,  5.5592e-02],\n",
      "        [ 3.0222e-02,  1.1972e-02,  4.6500e-02,  1.0720e-01,  5.2000e-02,\n",
      "          5.7689e-02, -2.2293e-02,  9.9396e-01,  1.2670e-02,  2.9731e-02,\n",
      "          4.5710e-03, -1.3594e-02, -1.3941e-02,  3.7740e-02,  5.5432e-02,\n",
      "          4.6492e-02, -2.4253e-02, -3.6360e-03, -5.4982e-03,  2.2244e-02,\n",
      "         -3.3712e-02, -3.0648e-02, -5.0744e-02, -4.5660e-02, -6.5553e-02,\n",
      "         -2.4665e-02,  1.0536e-02, -1.1876e-02, -2.0998e-02, -5.0825e-02],\n",
      "        [ 8.7721e-02,  1.2854e-01,  1.2221e-01, -2.1094e-02,  6.7972e-02,\n",
      "          6.4767e-02,  7.2100e-02,  1.2670e-02,  1.0073e+00,  5.6746e-02,\n",
      "          1.1899e-02,  6.8542e-02, -4.2217e-02, -1.6925e-02,  1.1297e-02,\n",
      "          6.4553e-03, -2.2494e-02, -6.9201e-02,  8.7145e-02,  5.0630e-02,\n",
      "          4.4105e-02,  3.3233e-02,  4.7019e-02,  8.8829e-02,  6.7079e-02,\n",
      "          9.7027e-04, -2.8697e-02, -8.5317e-03,  1.3915e-02,  1.2027e-02],\n",
      "        [-3.2576e-02, -1.5632e-02,  7.8768e-02, -4.5312e-02,  4.3639e-02,\n",
      "          6.3138e-02,  2.8538e-02,  2.9731e-02,  5.6746e-02,  1.0051e+00,\n",
      "          1.1903e-02,  4.9019e-03,  5.5845e-02,  1.3251e-02,  2.0403e-02,\n",
      "          4.6636e-03,  1.1029e-02, -6.2727e-02, -1.3788e-02,  5.8468e-02,\n",
      "          1.1376e-01,  7.1910e-03, -5.5858e-03,  9.9705e-03,  5.1281e-02,\n",
      "          8.5052e-02,  2.6605e-02,  1.9508e-02, -8.0751e-02,  2.6510e-02],\n",
      "        [ 2.4919e-02,  4.0835e-02,  3.8615e-02, -4.6040e-02,  5.5157e-02,\n",
      "         -5.0378e-02,  1.9007e-02,  4.5710e-03,  1.1899e-02,  1.1903e-02,\n",
      "          9.9434e-01,  7.0503e-03,  3.9296e-02, -2.2702e-02, -1.4259e-03,\n",
      "          1.4276e-02, -2.5823e-02, -3.0015e-02, -1.7626e-03, -5.8435e-02,\n",
      "         -8.0610e-03, -1.8469e-02,  1.1236e-01,  2.6473e-02,  2.9092e-02,\n",
      "         -3.3950e-02, -2.9222e-02, -2.4242e-02,  1.4712e-01,  4.4137e-02],\n",
      "        [ 1.0771e-02, -1.5984e-02,  9.0705e-02, -1.5308e-02,  6.9296e-02,\n",
      "          3.1008e-02,  1.2140e-02, -1.3594e-02,  6.8542e-02,  4.9019e-03,\n",
      "          7.0503e-03,  1.0058e+00,  3.0927e-02,  4.1349e-02, -1.9013e-02,\n",
      "          8.2567e-02,  4.3644e-02, -2.3090e-02,  7.3003e-02,  8.5261e-04,\n",
      "          8.2319e-02,  3.1085e-02,  1.2613e-01,  5.5666e-02,  5.6070e-02,\n",
      "          1.9875e-02,  1.7147e-02,  7.5287e-02,  4.7524e-02,  1.3169e-01],\n",
      "        [-6.8392e-02, -3.4152e-02,  1.6227e-02,  4.3343e-02,  5.8898e-02,\n",
      "          2.9745e-02,  3.0470e-02, -1.3941e-02, -4.2217e-02,  5.5845e-02,\n",
      "          3.9296e-02,  3.0927e-02,  9.9659e-01,  2.8811e-03,  3.7418e-02,\n",
      "         -5.0499e-02,  2.6449e-04,  5.9191e-02, -7.1297e-02, -2.1571e-02,\n",
      "         -6.5742e-02,  4.8797e-02, -5.3330e-02, -5.7336e-02, -6.6384e-02,\n",
      "          3.9811e-02,  5.6278e-02, -3.3215e-02, -1.6921e-02,  4.4532e-03],\n",
      "        [-2.8199e-02, -9.8727e-02, -1.2885e-01, -1.2266e-02,  3.9324e-02,\n",
      "          1.7577e-02, -5.7705e-02,  3.7740e-02, -1.6925e-02,  1.3251e-02,\n",
      "         -2.2702e-02,  4.1349e-02,  2.8811e-03,  1.0074e+00, -1.7396e-02,\n",
      "         -7.1411e-03,  8.4147e-02,  3.3411e-02,  1.4213e-02,  3.9755e-02,\n",
      "         -2.2678e-05,  2.4705e-02, -3.9660e-02, -6.1060e-02, -2.1790e-02,\n",
      "         -5.1391e-02, -4.3016e-03,  5.3234e-02, -9.2740e-03, -2.6980e-02],\n",
      "        [-4.9772e-03,  2.0063e-03,  1.8199e-02,  3.6260e-03, -2.0207e-02,\n",
      "         -2.2325e-02, -1.1611e-02,  5.5432e-02,  1.1297e-02,  2.0403e-02,\n",
      "         -1.4259e-03, -1.9013e-02,  3.7418e-02, -1.7396e-02,  9.9416e-01,\n",
      "         -1.2437e-02, -1.8919e-02,  4.9922e-02,  1.6347e-02,  1.2508e-02,\n",
      "         -1.0988e-02, -4.0077e-03, -4.4831e-02,  8.0824e-02,  1.1530e-02,\n",
      "          3.5979e-02,  1.5444e-02,  1.6506e-02,  6.6548e-02, -5.4955e-03],\n",
      "        [-4.6053e-02, -1.1506e-02,  1.5221e-02, -1.8622e-02,  3.1122e-02,\n",
      "          1.0500e-01, -1.7056e-02,  4.6492e-02,  6.4553e-03,  4.6636e-03,\n",
      "          1.4276e-02,  8.2567e-02, -5.0499e-02, -7.1411e-03, -1.2437e-02,\n",
      "          1.0030e+00, -1.8228e-02, -1.3307e-01,  6.1235e-02, -5.4645e-04,\n",
      "          7.8996e-02, -4.4951e-02,  6.2287e-02,  7.6457e-03,  1.9542e-01,\n",
      "          6.2820e-02, -4.8373e-02,  4.5997e-02, -1.5538e-02,  6.4238e-02],\n",
      "        [ 2.2541e-02,  6.6391e-03, -2.8472e-04, -6.3271e-02, -2.5091e-02,\n",
      "         -3.3684e-03,  3.7829e-02, -2.4253e-02, -2.2494e-02,  1.1029e-02,\n",
      "         -2.5823e-02,  4.3644e-02,  2.6449e-04,  8.4147e-02, -1.8919e-02,\n",
      "         -1.8228e-02,  9.9484e-01, -6.4773e-03, -8.3247e-03,  2.2505e-02,\n",
      "          9.3951e-03,  5.6520e-02, -2.1136e-02,  5.2296e-02, -1.4576e-03,\n",
      "         -2.9583e-02,  2.7690e-02,  5.5587e-02, -4.4310e-02, -5.5077e-02],\n",
      "        [ 3.6169e-02,  1.5820e-02, -4.6612e-02, -3.3849e-03, -7.6815e-02,\n",
      "         -4.1099e-02, -1.9228e-02, -3.6360e-03, -6.9201e-02, -6.2727e-02,\n",
      "         -3.0015e-02, -2.3090e-02,  5.9191e-02,  3.3411e-02,  4.9922e-02,\n",
      "         -1.3307e-01, -6.4773e-03,  9.9492e-01,  1.8974e-02,  6.6846e-02,\n",
      "         -1.1931e-01, -3.5838e-02,  4.3253e-03, -7.7199e-02, -1.2854e-01,\n",
      "         -2.6084e-02,  2.2863e-02,  3.9438e-03, -3.5214e-02, -7.5005e-02],\n",
      "        [ 9.3107e-02,  3.6838e-02,  3.8152e-02, -2.7010e-02,  5.5484e-02,\n",
      "         -1.6791e-02,  6.7390e-02, -5.4982e-03,  8.7145e-02, -1.3788e-02,\n",
      "         -1.7626e-03,  7.3003e-02, -7.1297e-02,  1.4213e-02,  1.6347e-02,\n",
      "          6.1235e-02, -8.3247e-03,  1.8974e-02,  9.9843e-01,  6.8062e-02,\n",
      "          1.2847e-01,  2.9447e-02,  7.0049e-02,  9.4568e-02,  5.0167e-02,\n",
      "          5.3183e-02,  2.0218e-02, -5.7448e-02,  2.0015e-02,  4.4643e-02],\n",
      "        [ 1.6332e-01,  1.1267e-01,  1.0724e-01,  1.7237e-02,  1.2540e-02,\n",
      "          1.8761e-02,  8.8132e-03,  2.2244e-02,  5.0630e-02,  5.8468e-02,\n",
      "         -5.8435e-02,  8.5261e-04, -2.1571e-02,  3.9755e-02,  1.2508e-02,\n",
      "         -5.4645e-04,  2.2505e-02,  6.6846e-02,  6.8062e-02,  1.0027e+00,\n",
      "         -6.2936e-03,  4.9625e-02,  7.5877e-02,  1.9455e-02,  2.2436e-02,\n",
      "         -1.5205e-02, -8.1366e-02,  3.8977e-02, -4.2114e-02,  6.3670e-02],\n",
      "        [ 5.9252e-02, -1.2375e-02,  2.6913e-02, -8.2809e-02,  9.1762e-02,\n",
      "          3.6824e-02,  2.7590e-02, -3.3712e-02,  4.4105e-02,  1.1376e-01,\n",
      "         -8.0610e-03,  8.2319e-02, -6.5742e-02, -2.2678e-05, -1.0988e-02,\n",
      "          7.8996e-02,  9.3951e-03, -1.1931e-01,  1.2847e-01, -6.2936e-03,\n",
      "          9.9463e-01,  2.1839e-02,  1.7853e-02,  1.1485e-01,  1.2309e-01,\n",
      "          7.1738e-03, -1.3198e-02, -4.5512e-03,  1.5889e-02,  8.6506e-02],\n",
      "        [-6.3381e-03,  2.0933e-02,  2.0516e-02,  7.4653e-02,  1.1484e-02,\n",
      "          9.5236e-03,  7.0999e-02, -3.0648e-02,  3.3233e-02,  7.1910e-03,\n",
      "         -1.8469e-02,  3.1085e-02,  4.8797e-02,  2.4705e-02, -4.0077e-03,\n",
      "         -4.4951e-02,  5.6520e-02, -3.5838e-02,  2.9447e-02,  4.9625e-02,\n",
      "          2.1839e-02,  9.9896e-01,  3.2809e-02, -5.2975e-02,  3.4333e-02,\n",
      "          5.2539e-02,  1.3342e-02, -4.8769e-02, -7.5335e-02,  3.4158e-02],\n",
      "        [ 2.4282e-02,  2.1673e-02,  5.8992e-02,  1.6246e-03,  3.8071e-02,\n",
      "          3.6813e-03,  2.9659e-02, -5.0744e-02,  4.7019e-02, -5.5858e-03,\n",
      "          1.1236e-01,  1.2613e-01, -5.3330e-02, -3.9660e-02, -4.4831e-02,\n",
      "          6.2287e-02, -2.1136e-02,  4.3253e-03,  7.0049e-02,  7.5877e-02,\n",
      "          1.7853e-02,  3.2809e-02,  9.9795e-01,  1.0518e-01,  1.0044e-01,\n",
      "         -3.5432e-02, -1.1041e-02, -1.6973e-02,  1.1003e-01,  9.3088e-02],\n",
      "        [ 3.7766e-02,  6.9980e-02,  1.5781e-02,  4.2549e-03,  4.1115e-02,\n",
      "          1.8953e-02,  7.3334e-02, -4.5660e-02,  8.8829e-02,  9.9705e-03,\n",
      "          2.6473e-02,  5.5666e-02, -5.7336e-02, -6.1060e-02,  8.0824e-02,\n",
      "          7.6457e-03,  5.2296e-02, -7.7199e-02,  9.4568e-02,  1.9455e-02,\n",
      "          1.1485e-01, -5.2975e-02,  1.0518e-01,  9.9478e-01,  3.4344e-02,\n",
      "          3.1441e-02, -2.1149e-02, -1.1287e-02,  2.6194e-02,  3.8333e-02],\n",
      "        [-3.6359e-02,  6.1523e-02,  1.3613e-01, -1.0772e-02,  4.8171e-02,\n",
      "          1.1441e-01,  4.4177e-02, -6.5553e-02,  6.7079e-02,  5.1281e-02,\n",
      "          2.9092e-02,  5.6070e-02, -6.6384e-02, -2.1790e-02,  1.1530e-02,\n",
      "          1.9542e-01, -1.4576e-03, -1.2854e-01,  5.0167e-02,  2.2436e-02,\n",
      "          1.2309e-01,  3.4333e-02,  1.0044e-01,  3.4344e-02,  9.9645e-01,\n",
      "          1.9888e-02, -7.9415e-02,  3.9086e-02,  6.2450e-02,  7.7810e-02],\n",
      "        [-2.8977e-02, -3.9566e-03, -5.5154e-02, -1.1120e-02,  6.0895e-02,\n",
      "          2.8342e-02, -1.1187e-02, -2.4665e-02,  9.7027e-04,  8.5052e-02,\n",
      "         -3.3950e-02,  1.9875e-02,  3.9811e-02, -5.1391e-02,  3.5979e-02,\n",
      "          6.2820e-02, -2.9583e-02, -2.6084e-02,  5.3183e-02, -1.5205e-02,\n",
      "          7.1738e-03,  5.2539e-02, -3.5432e-02,  3.1441e-02,  1.9888e-02,\n",
      "          9.9803e-01, -5.3001e-02,  2.3605e-02, -2.0102e-03,  1.0770e-01],\n",
      "        [-3.3199e-02,  6.4362e-03, -2.6438e-02,  3.1340e-02, -7.1991e-02,\n",
      "         -6.1598e-02, -4.2522e-02,  1.0536e-02, -2.8697e-02,  2.6605e-02,\n",
